6.100000000000000000e+03 1.160000000000000007e-04
6.102000000000000000e+03 1.029999999999999964e-04
6.104000000000000000e+03 1.410000000000000120e-04
6.106000000000000000e+03 1.079999999999999960e-04
6.108000000000000000e+03 1.090000000000000067e-04
6.110000000000000000e+03 1.150000000000000035e-04
6.112000000000000000e+03 1.150000000000000035e-04
6.114000000000000000e+03 1.069999999999999988e-04
6.116000000000000000e+03 1.100000000000000039e-04
6.118000000000000000e+03 1.140000000000000063e-04
6.120000000000000000e+03 9.000000000000000567e-05
6.122000000000000000e+03 1.050000000000000044e-04
6.124000000000000000e+03 1.230000000000000082e-04
6.126000000000000000e+03 9.100000000000000287e-05
6.128000000000000000e+03 1.369999999999999961e-04
6.130000000000000000e+03 1.100000000000000039e-04
6.132000000000000000e+03 1.129999999999999955e-04
6.134000000000000000e+03 1.019999999999999992e-04
6.136000000000000000e+03 1.190000000000000058e-04
6.138000000000000000e+03 1.190000000000000058e-04
6.140000000000000000e+03 1.069999999999999988e-04
6.142000000000000000e+03 1.200000000000000030e-04
6.144000000000000000e+03 1.379999999999999933e-04
6.146000000000000000e+03 1.200000000000000030e-04
6.148000000000000000e+03 1.200000000000000030e-04
6.150000000000000000e+03 1.320000000000000101e-04
6.152000000000000000e+03 1.250000000000000026e-04
6.154000000000000000e+03 1.079999999999999960e-04
6.156000000000000000e+03 1.269999999999999970e-04
6.158000000000000000e+03 1.389999999999999905e-04
6.160000000000000000e+03 1.359999999999999989e-04
6.162000000000000000e+03 1.330000000000000073e-04
6.164000000000000000e+03 1.060000000000000016e-04
6.166000000000000000e+03 1.000000000000000048e-04
6.168000000000000000e+03 1.160000000000000007e-04
6.170000000000000000e+03 1.119999999999999983e-04
6.172000000000000000e+03 1.150000000000000035e-04
6.174000000000000000e+03 1.289999999999999914e-04
6.176000000000000000e+03 1.420000000000000092e-04
6.178000000000000000e+03 1.240000000000000054e-04
6.180000000000000000e+03 1.240000000000000054e-04
6.182000000000000000e+03 1.140000000000000063e-04
6.184000000000000000e+03 1.250000000000000026e-04
6.186000000000000000e+03 1.320000000000000101e-04
6.188000000000000000e+03 1.369999999999999961e-04
6.190000000000000000e+03 1.169999999999999979e-04
6.192000000000000000e+03 1.129999999999999955e-04
6.194000000000000000e+03 9.799999999999999684e-05
6.196000000000000000e+03 1.010000000000000020e-04
6.198000000000000000e+03 1.129999999999999955e-04
6.200000000000000000e+03 1.499999999999999869e-04
6.202000000000000000e+03 1.100000000000000039e-04
6.204000000000000000e+03 1.369999999999999961e-04
6.206000000000000000e+03 1.399999999999999877e-04
6.208000000000000000e+03 1.019999999999999992e-04
6.210000000000000000e+03 1.259999999999999998e-04
6.212000000000000000e+03 1.369999999999999961e-04
6.214000000000000000e+03 1.389999999999999905e-04
6.216000000000000000e+03 1.200000000000000030e-04
6.218000000000000000e+03 1.140000000000000063e-04
6.220000000000000000e+03 1.240000000000000054e-04
6.222000000000000000e+03 1.259999999999999998e-04
6.224000000000000000e+03 1.230000000000000082e-04
6.226000000000000000e+03 1.359999999999999989e-04
6.228000000000000000e+03 1.389999999999999905e-04
6.230000000000000000e+03 1.420000000000000092e-04
6.232000000000000000e+03 1.330000000000000073e-04
6.234000000000000000e+03 9.899999999999999404e-05
6.236000000000000000e+03 1.069999999999999988e-04
6.238000000000000000e+03 1.200000000000000030e-04
6.240000000000000000e+03 1.150000000000000035e-04
6.242000000000000000e+03 1.340000000000000045e-04
6.244000000000000000e+03 1.050000000000000044e-04
6.246000000000000000e+03 1.469999999999999953e-04
6.248000000000000000e+03 1.140000000000000063e-04
6.250000000000000000e+03 1.150000000000000035e-04
6.252000000000000000e+03 1.250000000000000026e-04
6.254000000000000000e+03 1.569999999999999944e-04
6.256000000000000000e+03 1.210000000000000002e-04
6.258000000000000000e+03 1.190000000000000058e-04
6.260000000000000000e+03 1.230000000000000082e-04
6.262000000000000000e+03 9.699999999999999963e-05
6.264000000000000000e+03 1.100000000000000039e-04
6.266000000000000000e+03 1.620000000000000075e-04
6.268000000000000000e+03 1.240000000000000054e-04
6.270000000000000000e+03 1.420000000000000092e-04
6.272000000000000000e+03 1.200000000000000030e-04
6.274000000000000000e+03 1.259999999999999998e-04
6.276000000000000000e+03 1.299999999999999886e-04
6.278000000000000000e+03 1.140000000000000063e-04
6.280000000000000000e+03 1.299999999999999886e-04
6.282000000000000000e+03 1.330000000000000073e-04
6.284000000000000000e+03 1.359999999999999989e-04
6.286000000000000000e+03 1.420000000000000092e-04
6.288000000000000000e+03 1.299999999999999886e-04
6.290000000000000000e+03 1.430000000000000064e-04
6.292000000000000000e+03 1.279999999999999942e-04
6.294000000000000000e+03 1.430000000000000064e-04
6.296000000000000000e+03 1.069999999999999988e-04
6.298000000000000000e+03 1.359999999999999989e-04
6.300000000000000000e+03 1.399999999999999877e-04
6.302000000000000000e+03 1.340000000000000045e-04
6.304000000000000000e+03 1.299999999999999886e-04
6.306000000000000000e+03 1.269999999999999970e-04
6.308000000000000000e+03 1.350000000000000017e-04
6.310000000000000000e+03 1.279999999999999942e-04
6.312000000000000000e+03 1.410000000000000120e-04
6.314000000000000000e+03 1.420000000000000092e-04
6.316000000000000000e+03 1.489999999999999897e-04
6.318000000000000000e+03 1.299999999999999886e-04
6.320000000000000000e+03 1.310000000000000129e-04
6.322000000000000000e+03 1.369999999999999961e-04
6.324000000000000000e+03 1.520000000000000084e-04
6.326000000000000000e+03 1.410000000000000120e-04
6.328000000000000000e+03 1.340000000000000045e-04
6.330000000000000000e+03 1.340000000000000045e-04
6.332000000000000000e+03 1.469999999999999953e-04
6.334000000000000000e+03 1.630000000000000047e-04
6.336000000000000000e+03 1.359999999999999989e-04
6.338000000000000000e+03 1.579999999999999916e-04
6.340000000000000000e+03 1.230000000000000082e-04
6.342000000000000000e+03 1.289999999999999914e-04
6.344000000000000000e+03 1.230000000000000082e-04
6.346000000000000000e+03 1.279999999999999942e-04
6.348000000000000000e+03 1.330000000000000073e-04
6.350000000000000000e+03 1.450000000000000009e-04
6.352000000000000000e+03 1.320000000000000101e-04
6.354000000000000000e+03 1.359999999999999989e-04
6.356000000000000000e+03 1.669999999999999935e-04
6.358000000000000000e+03 1.359999999999999989e-04
6.360000000000000000e+03 1.410000000000000120e-04
6.362000000000000000e+03 1.499999999999999869e-04
6.364000000000000000e+03 1.299999999999999886e-04
6.366000000000000000e+03 1.410000000000000120e-04
6.368000000000000000e+03 1.340000000000000045e-04
6.370000000000000000e+03 1.210000000000000002e-04
6.372000000000000000e+03 1.620000000000000075e-04
6.374000000000000000e+03 1.179999999999999951e-04
6.376000000000000000e+03 1.579999999999999916e-04
6.378000000000000000e+03 1.399999999999999877e-04
6.380000000000000000e+03 1.620000000000000075e-04
6.382000000000000000e+03 1.530000000000000056e-04
6.384000000000000000e+03 1.499999999999999869e-04
6.386000000000000000e+03 1.340000000000000045e-04
6.388000000000000000e+03 1.530000000000000056e-04
6.390000000000000000e+03 1.610000000000000103e-04
6.392000000000000000e+03 1.749999999999999982e-04
6.394000000000000000e+03 1.640000000000000019e-04
6.396000000000000000e+03 1.559999999999999972e-04
6.398000000000000000e+03 1.420000000000000092e-04
6.400000000000000000e+03 1.340000000000000045e-04
6.402000000000000000e+03 1.830000000000000029e-04
6.404000000000000000e+03 1.749999999999999982e-04
6.406000000000000000e+03 1.230000000000000082e-04
6.408000000000000000e+03 1.579999999999999916e-04
6.410000000000000000e+03 1.579999999999999916e-04
6.412000000000000000e+03 1.469999999999999953e-04
6.414000000000000000e+03 1.450000000000000009e-04
6.416000000000000000e+03 1.440000000000000036e-04
6.418000000000000000e+03 1.820000000000000057e-04
6.420000000000000000e+03 2.030000000000000012e-04
6.422000000000000000e+03 1.499999999999999869e-04
6.424000000000000000e+03 1.589999999999999888e-04
6.426000000000000000e+03 1.569999999999999944e-04
6.428000000000000000e+03 1.879999999999999890e-04
6.430000000000000000e+03 1.749999999999999982e-04
6.432000000000000000e+03 1.499999999999999869e-04
6.434000000000000000e+03 1.679999999999999907e-04
6.436000000000000000e+03 1.320000000000000101e-04
6.438000000000000000e+03 1.540000000000000028e-04
6.440000000000000000e+03 1.689999999999999879e-04
6.442000000000000000e+03 1.720000000000000066e-04
6.444000000000000000e+03 1.489999999999999897e-04
6.446000000000000000e+03 1.620000000000000075e-04
6.448000000000000000e+03 1.730000000000000038e-04
6.450000000000000000e+03 1.640000000000000019e-04
6.452000000000000000e+03 1.520000000000000084e-04
6.454000000000000000e+03 1.740000000000000010e-04
6.456000000000000000e+03 2.079999999999999872e-04
6.458000000000000000e+03 1.830000000000000029e-04
6.460000000000000000e+03 1.969999999999999909e-04
6.462000000000000000e+03 1.489999999999999897e-04
6.464000000000000000e+03 1.379999999999999933e-04
6.466000000000000000e+03 1.350000000000000017e-04
6.468000000000000000e+03 1.869999999999999917e-04
6.470000000000000000e+03 1.830000000000000029e-04
6.472000000000000000e+03 1.730000000000000038e-04
6.474000000000000000e+03 1.720000000000000066e-04
6.476000000000000000e+03 1.550000000000000000e-04
6.478000000000000000e+03 1.910000000000000077e-04
6.480000000000000000e+03 1.459999999999999981e-04
6.482000000000000000e+03 1.700000000000000122e-04
6.484000000000000000e+03 1.610000000000000103e-04
6.486000000000000000e+03 1.379999999999999933e-04
6.488000000000000000e+03 1.910000000000000077e-04
6.490000000000000000e+03 1.469999999999999953e-04
6.492000000000000000e+03 1.559999999999999972e-04
6.494000000000000000e+03 1.759999999999999954e-04
6.496000000000000000e+03 1.620000000000000075e-04
6.498000000000000000e+03 1.420000000000000092e-04
6.500000000000000000e+03 1.530000000000000056e-04
6.502000000000000000e+03 1.479999999999999925e-04
6.504000000000000000e+03 1.990000000000000124e-04
6.506000000000000000e+03 1.720000000000000066e-04
6.508000000000000000e+03 2.139999999999999975e-04
6.510000000000000000e+03 1.600000000000000131e-04
6.512000000000000000e+03 1.510000000000000112e-04
6.514000000000000000e+03 1.649999999999999991e-04
6.516000000000000000e+03 1.530000000000000056e-04
6.518000000000000000e+03 1.640000000000000019e-04
6.520000000000000000e+03 2.010000000000000068e-04
6.522000000000000000e+03 1.589999999999999888e-04
6.524000000000000000e+03 1.930000000000000021e-04
6.526000000000000000e+03 2.110000000000000059e-04
6.528000000000000000e+03 1.689999999999999879e-04
6.530000000000000000e+03 2.220000000000000022e-04
6.532000000000000000e+03 1.949999999999999965e-04
6.534000000000000000e+03 1.900000000000000105e-04
6.536000000000000000e+03 1.810000000000000085e-04
6.538000000000000000e+03 1.459999999999999981e-04
6.540000000000000000e+03 1.810000000000000085e-04
6.542000000000000000e+03 1.559999999999999972e-04
6.544000000000000000e+03 1.769999999999999926e-04
6.546000000000000000e+03 1.720000000000000066e-04
6.548000000000000000e+03 1.959999999999999937e-04
6.550000000000000000e+03 1.759999999999999954e-04
6.552000000000000000e+03 1.810000000000000085e-04
6.554000000000000000e+03 1.740000000000000010e-04
6.556000000000000000e+03 2.030000000000000012e-04
6.558000000000000000e+03 2.010000000000000068e-04
6.560000000000000000e+03 1.640000000000000019e-04
6.562000000000000000e+03 2.000000000000000096e-04
6.564000000000000000e+03 2.300000000000000070e-04
6.566000000000000000e+03 1.949999999999999965e-04
6.568000000000000000e+03 2.000000000000000096e-04
6.570000000000000000e+03 2.190000000000000106e-04
6.572000000000000000e+03 1.730000000000000038e-04
6.574000000000000000e+03 1.879999999999999890e-04
6.576000000000000000e+03 1.810000000000000085e-04
6.578000000000000000e+03 2.460000000000000164e-04
6.580000000000000000e+03 1.990000000000000124e-04
6.582000000000000000e+03 1.910000000000000077e-04
6.584000000000000000e+03 1.990000000000000124e-04
6.586000000000000000e+03 1.459999999999999981e-04
6.588000000000000000e+03 2.030000000000000012e-04
6.590000000000000000e+03 2.120000000000000031e-04
6.592000000000000000e+03 2.010000000000000068e-04
6.594000000000000000e+03 2.200000000000000078e-04
6.596000000000000000e+03 1.969999999999999909e-04
6.598000000000000000e+03 1.920000000000000049e-04
6.600000000000000000e+03 2.159999999999999919e-04
6.602000000000000000e+03 1.969999999999999909e-04
6.604000000000000000e+03 2.100000000000000087e-04
6.606000000000000000e+03 1.740000000000000010e-04
6.608000000000000000e+03 2.130000000000000003e-04
6.610000000000000000e+03 2.369999999999999874e-04
6.612000000000000000e+03 1.879999999999999890e-04
6.614000000000000000e+03 2.010000000000000068e-04
6.616000000000000000e+03 2.400000000000000061e-04
6.618000000000000000e+03 1.849999999999999973e-04
6.620000000000000000e+03 2.010000000000000068e-04
6.622000000000000000e+03 2.139999999999999975e-04
6.624000000000000000e+03 2.159999999999999919e-04
6.626000000000000000e+03 2.069999999999999900e-04
6.628000000000000000e+03 2.519999999999999996e-04
6.630000000000000000e+03 2.000000000000000096e-04
6.632000000000000000e+03 1.910000000000000077e-04
6.634000000000000000e+03 2.269999999999999882e-04
6.636000000000000000e+03 2.049999999999999956e-04
6.638000000000000000e+03 1.820000000000000057e-04
6.640000000000000000e+03 1.920000000000000049e-04
6.642000000000000000e+03 2.059999999999999928e-04
6.644000000000000000e+03 1.820000000000000057e-04
6.646000000000000000e+03 2.020000000000000040e-04
6.648000000000000000e+03 2.090000000000000115e-04
6.650000000000000000e+03 1.979999999999999881e-04
6.652000000000000000e+03 2.620000000000000258e-04
6.654000000000000000e+03 1.949999999999999965e-04
6.656000000000000000e+03 2.030000000000000012e-04
6.658000000000000000e+03 1.959999999999999937e-04
6.660000000000000000e+03 2.059999999999999928e-04
6.662000000000000000e+03 2.110000000000000059e-04
6.664000000000000000e+03 2.000000000000000096e-04
6.666000000000000000e+03 1.920000000000000049e-04
6.668000000000000000e+03 2.000000000000000096e-04
6.670000000000000000e+03 2.180000000000000134e-04
6.672000000000000000e+03 2.220000000000000022e-04
6.674000000000000000e+03 2.069999999999999900e-04
6.676000000000000000e+03 1.769999999999999926e-04
6.678000000000000000e+03 2.519999999999999996e-04
6.680000000000000000e+03 2.100000000000000087e-04
6.682000000000000000e+03 2.020000000000000040e-04
6.684000000000000000e+03 2.190000000000000106e-04
6.686000000000000000e+03 2.489999999999999809e-04
6.688000000000000000e+03 2.239999999999999966e-04
6.690000000000000000e+03 2.090000000000000115e-04
6.692000000000000000e+03 2.120000000000000031e-04
6.694000000000000000e+03 2.519999999999999996e-04
6.696000000000000000e+03 2.110000000000000059e-04
6.698000000000000000e+03 2.290000000000000098e-04
6.700000000000000000e+03 2.429999999999999977e-04
6.702000000000000000e+03 2.200000000000000078e-04
6.704000000000000000e+03 2.480000000000000108e-04
6.706000000000000000e+03 2.439999999999999949e-04
6.708000000000000000e+03 2.220000000000000022e-04
6.710000000000000000e+03 2.329999999999999986e-04
6.712000000000000000e+03 2.759999999999999867e-04
6.714000000000000000e+03 2.249999999999999938e-04
6.716000000000000000e+03 2.390000000000000089e-04
6.718000000000000000e+03 2.110000000000000059e-04
6.720000000000000000e+03 2.280000000000000126e-04
6.722000000000000000e+03 2.079999999999999872e-04
6.724000000000000000e+03 2.280000000000000126e-04
6.726000000000000000e+03 2.220000000000000022e-04
6.728000000000000000e+03 1.930000000000000021e-04
6.730000000000000000e+03 2.640000000000000202e-04
6.732000000000000000e+03 2.339999999999999958e-04
6.734000000000000000e+03 2.010000000000000068e-04
6.736000000000000000e+03 2.220000000000000022e-04
6.738000000000000000e+03 2.369999999999999874e-04
6.740000000000000000e+03 2.339999999999999958e-04
6.742000000000000000e+03 2.159999999999999919e-04
6.744000000000000000e+03 2.380000000000000117e-04
6.746000000000000000e+03 2.249999999999999938e-04
6.748000000000000000e+03 2.480000000000000108e-04
6.750000000000000000e+03 2.229999999999999994e-04
6.752000000000000000e+03 2.559999999999999884e-04
6.754000000000000000e+03 2.380000000000000117e-04
6.756000000000000000e+03 2.550000000000000183e-04
6.758000000000000000e+03 2.449999999999999921e-04
6.760000000000000000e+03 2.599999999999999772e-04
6.762000000000000000e+03 2.719999999999999979e-04
6.764000000000000000e+03 2.449999999999999921e-04
6.766000000000000000e+03 2.300000000000000070e-04
6.768000000000000000e+03 2.570000000000000127e-04
6.770000000000000000e+03 2.469999999999999865e-04
6.772000000000000000e+03 2.649999999999999903e-04
6.774000000000000000e+03 2.120000000000000031e-04
6.776000000000000000e+03 2.049999999999999956e-04
6.778000000000000000e+03 2.610000000000000015e-04
6.780000000000000000e+03 2.249999999999999938e-04
6.782000000000000000e+03 2.449999999999999921e-04
6.784000000000000000e+03 2.629999999999999959e-04
6.786000000000000000e+03 2.680000000000000090e-04
6.788000000000000000e+03 2.680000000000000090e-04
6.790000000000000000e+03 1.810000000000000085e-04
6.792000000000000000e+03 2.049999999999999956e-04
6.794000000000000000e+03 2.380000000000000117e-04
6.796000000000000000e+03 2.269999999999999882e-04
6.798000000000000000e+03 2.999999999999999737e-04
6.800000000000000000e+03 2.429999999999999977e-04
6.802000000000000000e+03 2.860000000000000129e-04
6.804000000000000000e+03 2.809999999999999998e-04
6.806000000000000000e+03 2.539999999999999940e-04
6.808000000000000000e+03 2.359999999999999902e-04
6.810000000000000000e+03 2.489999999999999809e-04
6.812000000000000000e+03 3.119999999999999944e-04
6.814000000000000000e+03 2.310000000000000042e-04
6.816000000000000000e+03 2.069999999999999900e-04
6.818000000000000000e+03 2.840000000000000185e-04
6.820000000000000000e+03 2.709999999999999735e-04
6.822000000000000000e+03 2.990000000000000036e-04
6.824000000000000000e+03 2.629999999999999959e-04
6.826000000000000000e+03 2.910000000000000260e-04
6.828000000000000000e+03 2.990000000000000036e-04
6.830000000000000000e+03 2.669999999999999847e-04
6.832000000000000000e+03 2.860000000000000129e-04
6.834000000000000000e+03 3.179999999999999776e-04
6.836000000000000000e+03 2.550000000000000183e-04
6.838000000000000000e+03 2.959999999999999849e-04
6.840000000000000000e+03 3.420000000000000188e-04
6.842000000000000000e+03 3.359999999999999814e-04
6.844000000000000000e+03 3.029999999999999924e-04
6.846000000000000000e+03 2.910000000000000260e-04
6.848000000000000000e+03 4.189999999999999931e-04
6.850000000000000000e+03 4.150000000000000043e-04
6.852000000000000000e+03 3.789999999999999966e-04
6.854000000000000000e+03 4.000000000000000192e-04
6.856000000000000000e+03 3.939999999999999817e-04
6.858000000000000000e+03 4.420000000000000101e-04
6.860000000000000000e+03 4.360000000000000269e-04
6.862000000000000000e+03 5.050000000000000235e-04
6.864000000000000000e+03 5.370000000000000424e-04
6.866000000000000000e+03 5.890000000000000053e-04
6.868000000000000000e+03 6.669999999999999497e-04
6.870000000000000000e+03 5.630000000000000239e-04
6.872000000000000000e+03 6.909999999999999910e-04
6.874000000000000000e+03 6.920000000000000153e-04
6.876000000000000000e+03 8.559999999999999901e-04
6.878000000000000000e+03 9.229999999999999923e-04
6.880000000000000000e+03 1.020999999999999989e-03
6.882000000000000000e+03 1.204999999999999908e-03
6.884000000000000000e+03 1.332000000000000068e-03
6.886000000000000000e+03 1.634999999999999952e-03
6.888000000000000000e+03 1.791999999999999973e-03
6.890000000000000000e+03 2.075000000000000022e-03
6.892000000000000000e+03 2.252999999999999794e-03
6.894000000000000000e+03 2.540000000000000157e-03
6.896000000000000000e+03 2.944000000000000002e-03
6.898000000000000000e+03 3.272999999999999868e-03
6.900000000000000000e+03 3.762000000000000153e-03
6.902000000000000000e+03 4.368999999999999620e-03
6.904000000000000000e+03 4.969000000000000326e-03
6.906000000000000000e+03 5.821999999999999918e-03
6.908000000000000000e+03 6.649999999999999661e-03
6.910000000000000000e+03 7.649999999999999682e-03
6.912000000000000000e+03 8.796999999999999265e-03
6.914000000000000000e+03 1.013700000000000018e-02
6.916000000000000000e+03 1.176400000000000015e-02
6.918000000000000000e+03 1.361599999999999963e-02
6.920000000000000000e+03 1.588600000000000081e-02
6.922000000000000000e+03 1.830400000000000083e-02
6.924000000000000000e+03 2.130800000000000055e-02
6.926000000000000000e+03 2.479999999999999913e-02
6.928000000000000000e+03 2.884099999999999858e-02
6.930000000000000000e+03 3.360899999999999999e-02
6.932000000000000000e+03 3.907000000000000056e-02
6.934000000000000000e+03 4.544800000000000229e-02
6.936000000000000000e+03 5.284500000000000308e-02
6.938000000000000000e+03 6.134900000000000075e-02
6.940000000000000000e+03 7.163700000000000623e-02
6.942000000000000000e+03 8.330200000000000105e-02
6.944000000000000000e+03 9.675999999999999879e-02
6.946000000000000000e+03 1.122889999999999999e-01
6.948000000000000000e+03 1.303809999999999969e-01
6.950000000000000000e+03 1.502509999999999957e-01
6.952000000000000000e+03 1.725959999999999994e-01
6.954000000000000000e+03 1.972490000000000077e-01
6.956000000000000000e+03 2.235199999999999965e-01
6.958000000000000000e+03 2.513469999999999871e-01
6.960000000000000000e+03 2.800300000000000011e-01
6.962000000000000000e+03 3.111900000000000222e-01
6.964000000000000000e+03 3.420039999999999747e-01
6.966000000000000000e+03 3.726749999999999785e-01
6.968000000000000000e+03 4.033829999999999916e-01
6.970000000000000000e+03 4.323420000000000041e-01
6.972000000000000000e+03 4.586979999999999946e-01
6.974000000000000000e+03 4.810320000000000151e-01
6.976000000000000000e+03 5.029029999999999889e-01
6.978000000000000000e+03 5.208730000000000304e-01
6.980000000000000000e+03 5.363339999999999774e-01
6.982000000000000000e+03 5.483900000000000441e-01
6.984000000000000000e+03 5.586010000000000142e-01
6.986000000000000000e+03 5.663719999999999866e-01
6.988000000000000000e+03 5.708630000000000093e-01
6.990000000000000000e+03 5.758100000000000440e-01
6.992000000000000000e+03 5.792779999999999596e-01
6.994000000000000000e+03 5.815949999999999731e-01
6.996000000000000000e+03 5.844890000000000363e-01
6.998000000000000000e+03 5.854270000000000307e-01
7.000000000000000000e+03 5.883329999999999949e-01
7.002000000000000000e+03 5.891459999999999475e-01
7.004000000000000000e+03 5.888229999999999853e-01
7.006000000000000000e+03 5.887299999999999756e-01
7.008000000000000000e+03 5.872870000000000035e-01
7.010000000000000000e+03 5.883979999999999766e-01
7.012000000000000000e+03 5.884930000000000438e-01
7.014000000000000000e+03 5.888459999999999805e-01
7.016000000000000000e+03 5.876259999999999817e-01
7.018000000000000000e+03 5.892619999999999525e-01
7.020000000000000000e+03 5.882589999999999764e-01
7.022000000000000000e+03 5.878430000000000044e-01
7.024000000000000000e+03 5.881060000000000176e-01
7.026000000000000000e+03 5.893340000000000245e-01
7.028000000000000000e+03 5.903829999999999911e-01
7.030000000000000000e+03 5.891229999999999523e-01
7.032000000000000000e+03 5.910879999999999468e-01
7.034000000000000000e+03 5.904329999999999856e-01
7.036000000000000000e+03 5.915300000000000002e-01
7.038000000000000000e+03 5.924850000000000394e-01
7.040000000000000000e+03 5.928350000000000009e-01
7.042000000000000000e+03 5.918489999999999585e-01
7.044000000000000000e+03 5.924169999999999714e-01
7.046000000000000000e+03 5.917219999999999702e-01
7.048000000000000000e+03 5.920440000000000147e-01
7.050000000000000000e+03 5.932979999999999920e-01
7.052000000000000000e+03 5.932849999999999513e-01
7.054000000000000000e+03 5.939079999999999915e-01
7.056000000000000000e+03 5.939349999999999907e-01
7.058000000000000000e+03 5.923199999999999577e-01
7.060000000000000000e+03 5.946289999999999631e-01
7.062000000000000000e+03 5.932140000000000191e-01
7.064000000000000000e+03 5.943509999999999627e-01
7.066000000000000000e+03 5.963030000000000275e-01
7.068000000000000000e+03 5.960729999999999640e-01
7.070000000000000000e+03 5.950039999999999774e-01
7.072000000000000000e+03 5.952479999999999993e-01
7.074000000000000000e+03 5.941549999999999887e-01
7.076000000000000000e+03 5.960220000000000518e-01
7.078000000000000000e+03 5.964580000000000437e-01
7.080000000000000000e+03 5.969860000000000166e-01
7.082000000000000000e+03 5.964650000000000230e-01
7.084000000000000000e+03 5.950699999999999878e-01
7.086000000000000000e+03 5.955780000000000518e-01
7.088000000000000000e+03 5.957789999999999475e-01
7.090000000000000000e+03 5.969459999999999766e-01
7.092000000000000000e+03 5.956500000000000128e-01
7.094000000000000000e+03 5.952950000000000186e-01
7.096000000000000000e+03 5.959780000000000078e-01
7.098000000000000000e+03 5.960189999999999655e-01
7.100000000000000000e+03 5.958849999999999980e-01
7.102000000000000000e+03 5.947149999999999936e-01
7.104000000000000000e+03 5.974099999999999966e-01
7.106000000000000000e+03 5.968710000000000404e-01
7.108000000000000000e+03 5.962399999999999922e-01
7.110000000000000000e+03 5.962450000000000250e-01
7.112000000000000000e+03 5.975200000000000511e-01
7.114000000000000000e+03 5.956660000000000288e-01
7.116000000000000000e+03 5.982039999999999580e-01
7.118000000000000000e+03 5.973370000000000068e-01
7.120000000000000000e+03 5.955009999999999470e-01
7.122000000000000000e+03 5.988609999999999767e-01
7.124000000000000000e+03 5.966599999999999682e-01
7.126000000000000000e+03 5.979160000000000030e-01
7.128000000000000000e+03 5.960929999999999840e-01
7.130000000000000000e+03 5.967000000000000082e-01
7.132000000000000000e+03 5.967339999999999867e-01
7.134000000000000000e+03 5.978599999999999470e-01
7.136000000000000000e+03 5.983540000000000525e-01
7.138000000000000000e+03 5.970020000000000326e-01
7.140000000000000000e+03 5.975009999999999488e-01
7.142000000000000000e+03 5.979170000000000318e-01
7.144000000000000000e+03 5.959259999999999557e-01
7.146000000000000000e+03 5.994230000000000391e-01
7.148000000000000000e+03 5.974329999999999918e-01
7.150000000000000000e+03 5.979149999999999743e-01
7.152000000000000000e+03 5.960029999999999495e-01
7.154000000000000000e+03 5.971429999999999794e-01
7.156000000000000000e+03 5.968250000000000499e-01
7.158000000000000000e+03 5.958109999999999795e-01
7.160000000000000000e+03 5.942659999999999609e-01
7.162000000000000000e+03 5.938459999999999850e-01
7.164000000000000000e+03 5.921910000000000229e-01
7.166000000000000000e+03 5.891849999999999588e-01
7.168000000000000000e+03 5.850370000000000292e-01
7.170000000000000000e+03 5.813260000000000094e-01
7.172000000000000000e+03 5.759069999999999467e-01
7.174000000000000000e+03 5.739919999999999467e-01
7.176000000000000000e+03 5.695550000000000335e-01
7.178000000000000000e+03 5.697759999999999492e-01
7.180000000000000000e+03 5.682719999999999994e-01
7.182000000000000000e+03 5.649290000000000145e-01
7.184000000000000000e+03 5.600450000000000150e-01
7.186000000000000000e+03 5.558870000000000200e-01
7.188000000000000000e+03 5.536119999999999930e-01
7.190000000000000000e+03 5.526480000000000281e-01
7.192000000000000000e+03 5.527279999999999971e-01
7.194000000000000000e+03 5.528060000000000196e-01
7.196000000000000000e+03 5.528520000000000101e-01
7.198000000000000000e+03 5.522989999999999844e-01
7.200000000000000000e+03 5.491390000000000438e-01
7.202000000000000000e+03 5.467859999999999943e-01
7.204000000000000000e+03 5.494940000000000380e-01
7.206000000000000000e+03 5.500490000000000101e-01
7.208000000000000000e+03 5.489380000000000370e-01
7.210000000000000000e+03 5.497180000000000399e-01
7.212000000000000000e+03 5.485539999999999861e-01
7.214000000000000000e+03 5.455839999999999579e-01
7.216000000000000000e+03 5.361970000000000347e-01
7.218000000000000000e+03 5.241470000000000296e-01
7.220000000000000000e+03 5.105979999999999963e-01
7.222000000000000000e+03 4.949089999999999878e-01
7.224000000000000000e+03 4.762170000000000014e-01
7.226000000000000000e+03 4.542209999999999859e-01
7.228000000000000000e+03 4.300260000000000193e-01
7.230000000000000000e+03 4.047439999999999927e-01
7.232000000000000000e+03 3.753139999999999810e-01
7.234000000000000000e+03 3.467560000000000087e-01
7.236000000000000000e+03 3.193270000000000275e-01
7.238000000000000000e+03 2.941309999999999758e-01
7.240000000000000000e+03 2.693820000000000103e-01
7.242000000000000000e+03 2.443150000000000044e-01
7.244000000000000000e+03 2.210100000000000120e-01
7.246000000000000000e+03 1.984950000000000048e-01
7.248000000000000000e+03 1.780120000000000036e-01
7.250000000000000000e+03 1.580280000000000018e-01
7.252000000000000000e+03 1.399690000000000101e-01
7.254000000000000000e+03 1.233319999999999972e-01
7.256000000000000000e+03 1.084220000000000045e-01
7.258000000000000000e+03 9.539699999999999569e-02
7.260000000000000000e+03 8.366700000000000526e-02
7.262000000000000000e+03 7.284200000000000397e-02
7.264000000000000000e+03 6.341700000000000115e-02
7.266000000000000000e+03 5.543399999999999717e-02
7.268000000000000000e+03 4.802100000000000118e-02
7.270000000000000000e+03 4.186100000000000237e-02
7.272000000000000000e+03 3.644100000000000117e-02
7.274000000000000000e+03 3.162199999999999733e-02
7.276000000000000000e+03 2.738700000000000162e-02
7.278000000000000000e+03 2.384700000000000014e-02
7.280000000000000000e+03 2.088800000000000032e-02
7.282000000000000000e+03 1.830899999999999889e-02
7.284000000000000000e+03 1.629600000000000146e-02
7.286000000000000000e+03 1.429399999999999941e-02
7.288000000000000000e+03 1.269699999999999995e-02
7.290000000000000000e+03 1.118800000000000003e-02
7.292000000000000000e+03 9.598000000000000628e-03
7.294000000000000000e+03 8.491999999999999549e-03
7.296000000000000000e+03 7.758000000000000139e-03
7.298000000000000000e+03 6.978999999999999961e-03
7.300000000000000000e+03 6.011999999999999983e-03
7.302000000000000000e+03 5.497000000000000150e-03
7.304000000000000000e+03 4.758000000000000076e-03
7.306000000000000000e+03 4.467999999999999750e-03
7.308000000000000000e+03 3.863000000000000114e-03
7.310000000000000000e+03 3.295000000000000186e-03
7.312000000000000000e+03 3.128999999999999837e-03
7.314000000000000000e+03 2.756000000000000203e-03
7.316000000000000000e+03 2.487000000000000061e-03
7.318000000000000000e+03 2.263999999999999953e-03
7.320000000000000000e+03 2.053999999999999836e-03
7.322000000000000000e+03 1.683000000000000034e-03
7.324000000000000000e+03 1.515999999999999986e-03
7.326000000000000000e+03 1.508000000000000009e-03
7.328000000000000000e+03 1.195000000000000099e-03
7.330000000000000000e+03 1.258999999999999920e-03
7.332000000000000000e+03 1.092000000000000089e-03
7.334000000000000000e+03 9.950000000000000077e-04
7.336000000000000000e+03 9.100000000000000016e-04
7.338000000000000000e+03 9.569999999999999514e-04
7.340000000000000000e+03 9.269999999999999811e-04
7.342000000000000000e+03 8.319999999999999488e-04
7.344000000000000000e+03 6.840000000000000377e-04
7.346000000000000000e+03 6.549999999999999833e-04
7.348000000000000000e+03 6.300000000000000261e-04
7.350000000000000000e+03 5.929999999999999941e-04
7.352000000000000000e+03 6.040000000000000447e-04
7.354000000000000000e+03 6.300000000000000261e-04
7.356000000000000000e+03 4.829999999999999767e-04
7.358000000000000000e+03 6.780000000000000002e-04
7.360000000000000000e+03 6.059999999999999849e-04
7.362000000000000000e+03 7.039999999999999817e-04
7.364000000000000000e+03 7.640000000000000306e-04
7.366000000000000000e+03 6.830000000000000134e-04
7.368000000000000000e+03 8.059999999999999673e-04
7.370000000000000000e+03 6.840000000000000377e-04
7.372000000000000000e+03 7.179999999999999967e-04
7.374000000000000000e+03 6.629999999999999609e-04
7.376000000000000000e+03 6.070000000000000092e-04
7.378000000000000000e+03 5.649999999999999641e-04
7.380000000000000000e+03 4.710000000000000102e-04
7.382000000000000000e+03 4.739999999999999747e-04
7.384000000000000000e+03 6.260000000000000373e-04
7.386000000000000000e+03 6.419999999999999925e-04
7.388000000000000000e+03 6.549999999999999833e-04
7.390000000000000000e+03 6.310000000000000504e-04
7.392000000000000000e+03 5.540000000000000219e-04
7.394000000000000000e+03 5.810000000000000277e-04
7.396000000000000000e+03 4.879999999999999898e-04
7.398000000000000000e+03 4.600000000000000139e-04
7.400000000000000000e+03 4.569999999999999952e-04
7.402000000000000000e+03 4.510000000000000120e-04
7.404000000000000000e+03 4.840000000000000010e-04
7.406000000000000000e+03 4.369999999999999970e-04
7.408000000000000000e+03 5.760000000000000146e-04
7.410000000000000000e+03 4.389999999999999914e-04
7.412000000000000000e+03 4.800000000000000122e-04
7.414000000000000000e+03 4.449999999999999746e-04
7.416000000000000000e+03 4.119999999999999856e-04
7.418000000000000000e+03 5.069999999999999637e-04
7.420000000000000000e+03 4.369999999999999970e-04
7.422000000000000000e+03 5.959999999999999586e-04
7.424000000000000000e+03 5.349999999999999938e-04
7.426000000000000000e+03 5.140000000000000254e-04
7.428000000000000000e+03 5.829999999999999679e-04
7.430000000000000000e+03 5.019999999999999506e-04
7.432000000000000000e+03 5.699999999999999772e-04
7.434000000000000000e+03 5.330000000000000536e-04
7.436000000000000000e+03 5.169999999999999899e-04
7.438000000000000000e+03 4.279999999999999950e-04
7.440000000000000000e+03 5.280000000000000405e-04
7.442000000000000000e+03 5.490000000000000088e-04
7.444000000000000000e+03 5.039999999999999992e-04
7.446000000000000000e+03 4.299999999999999894e-04
7.448000000000000000e+03 4.040000000000000080e-04
7.450000000000000000e+03 4.550000000000000008e-04
7.452000000000000000e+03 5.630000000000000239e-04
7.454000000000000000e+03 5.240000000000000517e-04
7.456000000000000000e+03 5.869999999999999567e-04
7.458000000000000000e+03 5.220000000000000031e-04
7.460000000000000000e+03 6.149999999999999868e-04
7.462000000000000000e+03 5.569999999999999864e-04
7.464000000000000000e+03 5.439999999999999957e-04
7.466000000000000000e+03 5.259999999999999919e-04
7.468000000000000000e+03 6.250000000000000130e-04
7.470000000000000000e+03 5.820000000000000520e-04
7.472000000000000000e+03 5.829999999999999679e-04
7.474000000000000000e+03 6.499999999999999702e-04
7.476000000000000000e+03 6.729999999999999871e-04
7.478000000000000000e+03 7.600000000000000418e-04
7.480000000000000000e+03 6.679999999999999740e-04
7.482000000000000000e+03 7.600000000000000418e-04
7.484000000000000000e+03 7.349999999999999763e-04
7.486000000000000000e+03 7.269999999999999987e-04
7.488000000000000000e+03 6.400000000000000524e-04
7.490000000000000000e+03 6.780000000000000002e-04
7.492000000000000000e+03 7.349999999999999763e-04
7.494000000000000000e+03 6.769999999999999759e-04
7.496000000000000000e+03 6.909999999999999910e-04
7.498000000000000000e+03 4.889999999999999599e-04
7.500000000000000000e+03 6.290000000000000018e-04
7.502000000000000000e+03 5.230000000000000274e-04
7.504000000000000000e+03 6.040000000000000447e-04
7.506000000000000000e+03 5.109999999999999525e-04
7.508000000000000000e+03 4.769999999999999934e-04
7.510000000000000000e+03 4.580000000000000195e-04
7.512000000000000000e+03 4.099999999999999912e-04
7.514000000000000000e+03 4.769999999999999934e-04
7.516000000000000000e+03 4.350000000000000026e-04
7.518000000000000000e+03 3.589999999999999984e-04
7.520000000000000000e+03 3.759999999999999779e-04
7.522000000000000000e+03 3.440000000000000132e-04
7.524000000000000000e+03 3.789999999999999966e-04
7.526000000000000000e+03 4.780000000000000178e-04
7.528000000000000000e+03 3.860000000000000041e-04
7.530000000000000000e+03 4.949999999999999973e-04
7.532000000000000000e+03 4.739999999999999747e-04
7.534000000000000000e+03 5.850000000000000165e-04
7.536000000000000000e+03 6.099999999999999737e-04
7.538000000000000000e+03 6.089999999999999494e-04
7.540000000000000000e+03 5.739999999999999660e-04
7.542000000000000000e+03 6.310000000000000504e-04
7.544000000000000000e+03 7.630000000000000063e-04
7.546000000000000000e+03 7.349999999999999763e-04
7.548000000000000000e+03 7.810000000000000102e-04
7.550000000000000000e+03 6.639999999999999852e-04
7.552000000000000000e+03 7.339999999999999520e-04
7.554000000000000000e+03 7.630000000000000063e-04
7.556000000000000000e+03 6.440000000000000412e-04
7.558000000000000000e+03 5.710000000000000015e-04
7.560000000000000000e+03 5.490000000000000088e-04
7.562000000000000000e+03 4.949999999999999973e-04
7.564000000000000000e+03 5.370000000000000424e-04
7.566000000000000000e+03 4.449999999999999746e-04
7.568000000000000000e+03 3.890000000000000228e-04
7.570000000000000000e+03 4.749999999999999990e-04
7.572000000000000000e+03 3.919999999999999873e-04
7.574000000000000000e+03 4.389999999999999914e-04
7.576000000000000000e+03 5.270000000000000162e-04
7.578000000000000000e+03 6.239999999999999887e-04
7.580000000000000000e+03 6.409999999999999682e-04
7.582000000000000000e+03 7.370000000000000249e-04
7.584000000000000000e+03 7.829999999999999504e-04
7.586000000000000000e+03 7.950000000000000252e-04
7.588000000000000000e+03 7.020000000000000415e-04
7.590000000000000000e+03 7.429999999999999539e-04
7.592000000000000000e+03 5.460000000000000443e-04
7.594000000000000000e+03 4.970000000000000459e-04
7.596000000000000000e+03 3.719999999999999891e-04
7.598000000000000000e+03 2.680000000000000090e-04
7.600000000000000000e+03 3.220000000000000206e-04
7.602000000000000000e+03 3.330000000000000169e-04
7.604000000000000000e+03 3.269999999999999795e-04
7.606000000000000000e+03 2.930000000000000204e-04
7.608000000000000000e+03 2.629999999999999959e-04
7.610000000000000000e+03 2.790000000000000054e-04
7.612000000000000000e+03 2.629999999999999959e-04
7.614000000000000000e+03 2.999999999999999737e-04
7.616000000000000000e+03 2.640000000000000202e-04
7.618000000000000000e+03 3.110000000000000243e-04
7.620000000000000000e+03 3.119999999999999944e-04
7.622000000000000000e+03 2.809999999999999998e-04
7.624000000000000000e+03 3.869999999999999742e-04
7.626000000000000000e+03 4.479999999999999933e-04
7.628000000000000000e+03 5.079999999999999880e-04
7.630000000000000000e+03 4.360000000000000269e-04
7.632000000000000000e+03 4.339999999999999782e-04
7.634000000000000000e+03 4.719999999999999803e-04
7.636000000000000000e+03 5.180000000000000143e-04
7.638000000000000000e+03 5.400000000000000069e-04
7.640000000000000000e+03 5.180000000000000143e-04
7.642000000000000000e+03 5.829999999999999679e-04
7.644000000000000000e+03 5.039999999999999992e-04
7.646000000000000000e+03 5.450000000000000200e-04
7.648000000000000000e+03 5.919999999999999698e-04
7.650000000000000000e+03 4.070000000000000267e-04
7.652000000000000000e+03 4.249999999999999763e-04
7.654000000000000000e+03 3.460000000000000076e-04
7.656000000000000000e+03 4.020000000000000136e-04
7.658000000000000000e+03 4.229999999999999819e-04
7.660000000000000000e+03 4.070000000000000267e-04
7.662000000000000000e+03 4.440000000000000045e-04
7.664000000000000000e+03 4.260000000000000006e-04
7.666000000000000000e+03 5.469999999999999602e-04
7.668000000000000000e+03 5.879999999999999810e-04
7.670000000000000000e+03 7.029999999999999574e-04
7.672000000000000000e+03 8.289999999999999843e-04
7.674000000000000000e+03 1.031999999999999931e-03
7.676000000000000000e+03 9.520000000000000467e-04
7.678000000000000000e+03 9.640000000000000131e-04
7.680000000000000000e+03 9.719999999999999907e-04
7.682000000000000000e+03 9.899999999999999946e-04
7.684000000000000000e+03 9.899999999999999946e-04
7.686000000000000000e+03 9.030000000000000483e-04
7.688000000000000000e+03 9.120000000000000502e-04
7.690000000000000000e+03 6.639999999999999852e-04
7.692000000000000000e+03 8.429999999999999993e-04
7.694000000000000000e+03 7.360000000000000006e-04
7.696000000000000000e+03 5.180000000000000143e-04
7.698000000000000000e+03 4.640000000000000027e-04
7.700000000000000000e+03 5.360000000000000181e-04
7.702000000000000000e+03 6.440000000000000412e-04
7.704000000000000000e+03 4.979999999999999618e-04
7.706000000000000000e+03 5.069999999999999637e-04
7.708000000000000000e+03 5.800000000000000034e-04
7.710000000000000000e+03 6.870000000000000022e-04
7.712000000000000000e+03 6.409999999999999682e-04
7.714000000000000000e+03 7.370000000000000249e-04
7.716000000000000000e+03 7.519999999999999558e-04
7.718000000000000000e+03 1.010999999999999963e-03
7.720000000000000000e+03 1.108999999999999960e-03
7.722000000000000000e+03 9.959999999999999236e-04
7.724000000000000000e+03 9.700000000000000505e-04
7.726000000000000000e+03 1.268000000000000030e-03
7.728000000000000000e+03 1.167000000000000069e-03
7.730000000000000000e+03 1.059000000000000045e-03
7.732000000000000000e+03 1.072000000000000036e-03
7.734000000000000000e+03 1.046999999999999971e-03
7.736000000000000000e+03 1.123000000000000083e-03
7.738000000000000000e+03 8.620000000000000275e-04
7.740000000000000000e+03 8.490000000000000368e-04
7.742000000000000000e+03 8.009999999999999542e-04
7.744000000000000000e+03 7.799999999999999859e-04
7.746000000000000000e+03 5.310000000000000050e-04
7.748000000000000000e+03 3.750000000000000078e-04
7.750000000000000000e+03 4.939999999999999730e-04
7.752000000000000000e+03 5.429999999999999714e-04
7.754000000000000000e+03 5.779999999999999548e-04
7.756000000000000000e+03 6.920000000000000153e-04
7.758000000000000000e+03 8.120000000000000048e-04
7.760000000000000000e+03 8.729999999999999696e-04
7.762000000000000000e+03 9.940000000000000918e-04
7.764000000000000000e+03 1.062000000000000010e-03
7.766000000000000000e+03 1.150999999999999896e-03
7.768000000000000000e+03 1.064999999999999974e-03
7.770000000000000000e+03 1.136999999999999990e-03
7.772000000000000000e+03 1.288999999999999998e-03
7.774000000000000000e+03 1.191999999999999917e-03
7.776000000000000000e+03 1.016999999999999892e-03
7.778000000000000000e+03 1.248999999999999893e-03
7.780000000000000000e+03 9.309999999999999699e-04
7.782000000000000000e+03 7.590000000000000175e-04
7.784000000000000000e+03 6.430000000000000169e-04
7.786000000000000000e+03 5.599999999999999509e-04
7.788000000000000000e+03 6.599999999999999964e-04
7.790000000000000000e+03 6.340000000000000149e-04
7.792000000000000000e+03 5.720000000000000258e-04
7.794000000000000000e+03 6.610000000000000207e-04
7.796000000000000000e+03 9.449999999999999850e-04
7.798000000000000000e+03 1.062000000000000010e-03
7.800000000000000000e+03 1.378000000000000102e-03
7.802000000000000000e+03 1.394999999999999973e-03
7.804000000000000000e+03 1.111999999999999924e-03
7.806000000000000000e+03 1.147999999999999932e-03
7.808000000000000000e+03 1.159000000000000091e-03
7.810000000000000000e+03 8.149999999999999693e-04
7.812000000000000000e+03 7.569999999999999689e-04
7.814000000000000000e+03 6.380000000000000037e-04
7.816000000000000000e+03 6.579999999999999478e-04
7.818000000000000000e+03 6.189999999999999756e-04
7.820000000000000000e+03 8.069999999999999916e-04
7.822000000000000000e+03 8.930000000000000221e-04
7.824000000000000000e+03 1.131000000000000061e-03
7.826000000000000000e+03 1.147999999999999932e-03
7.828000000000000000e+03 1.271999999999999910e-03
7.830000000000000000e+03 1.387999999999999911e-03
7.832000000000000000e+03 1.487999999999999956e-03
7.834000000000000000e+03 1.433000000000000029e-03
7.836000000000000000e+03 1.544999999999999932e-03
7.838000000000000000e+03 1.464000000000000024e-03
7.840000000000000000e+03 1.487999999999999956e-03
7.842000000000000000e+03 1.565999999999999901e-03
7.844000000000000000e+03 1.240000000000000000e-03
7.846000000000000000e+03 1.252000000000000075e-03
7.848000000000000000e+03 1.324000000000000090e-03
7.850000000000000000e+03 1.294999999999999927e-03
7.852000000000000000e+03 1.268999999999999946e-03
7.854000000000000000e+03 1.146000000000000100e-03
7.856000000000000000e+03 9.659999999999999533e-04
7.858000000000000000e+03 9.190000000000000035e-04
7.860000000000000000e+03 8.289999999999999843e-04
7.862000000000000000e+03 6.610000000000000207e-04
7.864000000000000000e+03 7.069999999999999462e-04
7.866000000000000000e+03 7.010000000000000172e-04
7.868000000000000000e+03 6.890000000000000508e-04
7.870000000000000000e+03 5.649999999999999641e-04
7.872000000000000000e+03 6.769999999999999759e-04
7.874000000000000000e+03 6.759999999999999516e-04
7.876000000000000000e+03 7.200000000000000453e-04
7.878000000000000000e+03 9.820000000000000170e-04
7.880000000000000000e+03 1.028000000000000051e-03
7.882000000000000000e+03 1.368000000000000075e-03
7.884000000000000000e+03 1.077999999999999965e-03
7.886000000000000000e+03 1.273999999999999959e-03
7.888000000000000000e+03 1.384000000000000031e-03
7.890000000000000000e+03 1.593000000000000015e-03
7.892000000000000000e+03 1.655000000000000004e-03
7.894000000000000000e+03 1.652999999999999955e-03
7.896000000000000000e+03 1.649999999999999991e-03
7.898000000000000000e+03 1.649000000000000075e-03
7.900000000000000000e+03 1.588999999999999918e-03
7.902000000000000000e+03 1.755999999999999965e-03
7.904000000000000000e+03 1.526000000000000013e-03
7.906000000000000000e+03 1.722999999999999922e-03
7.908000000000000000e+03 1.405999999999999915e-03
7.910000000000000000e+03 1.476000000000000098e-03
7.912000000000000000e+03 1.672000000000000092e-03
7.914000000000000000e+03 1.701000000000000038e-03
7.916000000000000000e+03 1.410000000000000012e-03
7.918000000000000000e+03 1.430999999999999980e-03
7.920000000000000000e+03 1.368000000000000075e-03
7.922000000000000000e+03 1.288999999999999998e-03
7.924000000000000000e+03 1.327000000000000055e-03
7.926000000000000000e+03 1.108000000000000044e-03
7.928000000000000000e+03 9.909999999999999105e-04
7.930000000000000000e+03 8.440000000000000236e-04
7.932000000000000000e+03 8.400000000000000348e-04
7.934000000000000000e+03 8.019999999999999785e-04
7.936000000000000000e+03 6.629999999999999609e-04
7.938000000000000000e+03 5.230000000000000274e-04
7.940000000000000000e+03 6.310000000000000504e-04
7.942000000000000000e+03 7.410000000000000137e-04
7.944000000000000000e+03 5.800000000000000034e-04
7.946000000000000000e+03 6.890000000000000508e-04
7.948000000000000000e+03 7.739999999999999485e-04
7.950000000000000000e+03 8.850000000000000444e-04
7.952000000000000000e+03 8.469999999999999881e-04
7.954000000000000000e+03 1.175000000000000046e-03
7.956000000000000000e+03 1.221999999999999996e-03
7.958000000000000000e+03 1.201999999999999943e-03
7.960000000000000000e+03 1.549000000000000030e-03
7.962000000000000000e+03 1.332999999999999984e-03
7.964000000000000000e+03 1.691000000000000012e-03
7.966000000000000000e+03 1.605000000000000090e-03
7.968000000000000000e+03 1.654000000000000088e-03
7.970000000000000000e+03 1.683000000000000034e-03
7.972000000000000000e+03 1.830000000000000029e-03
7.974000000000000000e+03 1.909000000000000107e-03
7.976000000000000000e+03 1.876000000000000063e-03
7.978000000000000000e+03 1.750000000000000036e-03
7.980000000000000000e+03 1.714999999999999945e-03
7.982000000000000000e+03 1.639000000000000049e-03
7.984000000000000000e+03 1.490000000000000005e-03
7.986000000000000000e+03 1.464000000000000024e-03
7.988000000000000000e+03 1.252000000000000075e-03
7.990000000000000000e+03 6.849999999999999535e-04
7.992000000000000000e+03 7.749999999999999728e-04
7.994000000000000000e+03 7.540000000000000044e-04
7.996000000000000000e+03 6.620000000000000450e-04
7.998000000000000000e+03 1.093999999999999920e-03
8.000000000000000000e+03 5.460000000000000443e-04
8.002000000000000000e+03 6.080000000000000335e-04
8.004000000000000000e+03 4.749999999999999990e-04
8.006000000000000000e+03 4.550000000000000008e-04
8.008000000000000000e+03 4.710000000000000102e-04
8.010000000000000000e+03 4.260000000000000006e-04
8.012000000000000000e+03 4.380000000000000213e-04
8.014000000000000000e+03 4.580000000000000195e-04
8.016000000000000000e+03 4.060000000000000024e-04
8.018000000000000000e+03 4.429999999999999802e-04
8.020000000000000000e+03 3.579999999999999741e-04
8.022000000000000000e+03 3.609999999999999928e-04
8.024000000000000000e+03 4.060000000000000024e-04
8.026000000000000000e+03 4.580000000000000195e-04
8.028000000000000000e+03 3.609999999999999928e-04
8.030000000000000000e+03 4.939999999999999730e-04
8.032000000000000000e+03 4.270000000000000249e-04
8.034000000000000000e+03 5.270000000000000162e-04
8.036000000000000000e+03 4.939999999999999730e-04
8.038000000000000000e+03 5.190000000000000386e-04
8.040000000000000000e+03 5.820000000000000520e-04
8.042000000000000000e+03 5.280000000000000405e-04
8.044000000000000000e+03 5.569999999999999864e-04
8.046000000000000000e+03 5.500000000000000331e-04
8.048000000000000000e+03 5.349999999999999938e-04
8.050000000000000000e+03 8.040000000000000271e-04
8.052000000000000000e+03 6.260000000000000373e-04
8.054000000000000000e+03 6.019999999999999961e-04
8.056000000000000000e+03 6.400000000000000524e-04
8.058000000000000000e+03 6.729999999999999871e-04
8.060000000000000000e+03 6.120000000000000223e-04
8.062000000000000000e+03 7.150000000000000322e-04
8.064000000000000000e+03 5.130000000000000011e-04
8.066000000000000000e+03 6.579999999999999478e-04
8.068000000000000000e+03 6.639999999999999852e-04
8.070000000000000000e+03 5.249999999999999676e-04
8.072000000000000000e+03 4.859999999999999954e-04
8.074000000000000000e+03 4.939999999999999730e-04
8.076000000000000000e+03 5.240000000000000517e-04
8.078000000000000000e+03 4.360000000000000269e-04
8.080000000000000000e+03 4.310000000000000137e-04
8.082000000000000000e+03 3.890000000000000228e-04
8.084000000000000000e+03 4.270000000000000249e-04
8.086000000000000000e+03 3.849999999999999798e-04
8.088000000000000000e+03 4.099999999999999912e-04
8.090000000000000000e+03 4.070000000000000267e-04
8.092000000000000000e+03 3.750000000000000078e-04
8.094000000000000000e+03 3.890000000000000228e-04
8.096000000000000000e+03 4.350000000000000026e-04
8.098000000000000000e+03 4.400000000000000157e-04
8.100000000000000000e+03 5.019999999999999506e-04
