4.900000000000000000e+03 1.740000000000000010e-04
4.902000000000000000e+03 1.510000000000000112e-04
4.904000000000000000e+03 1.389999999999999905e-04
4.906000000000000000e+03 1.320000000000000101e-04
4.908000000000000000e+03 1.630000000000000047e-04
4.910000000000000000e+03 1.310000000000000129e-04
4.912000000000000000e+03 1.730000000000000038e-04
4.914000000000000000e+03 1.640000000000000019e-04
4.916000000000000000e+03 1.369999999999999961e-04
4.918000000000000000e+03 1.440000000000000036e-04
4.920000000000000000e+03 1.640000000000000019e-04
4.922000000000000000e+03 1.530000000000000056e-04
4.924000000000000000e+03 1.649999999999999991e-04
4.926000000000000000e+03 1.640000000000000019e-04
4.928000000000000000e+03 1.340000000000000045e-04
4.930000000000000000e+03 1.399999999999999877e-04
4.932000000000000000e+03 1.689999999999999879e-04
4.934000000000000000e+03 1.389999999999999905e-04
4.936000000000000000e+03 1.219999999999999974e-04
4.938000000000000000e+03 1.369999999999999961e-04
4.940000000000000000e+03 1.320000000000000101e-04
4.942000000000000000e+03 1.389999999999999905e-04
4.944000000000000000e+03 1.140000000000000063e-04
4.946000000000000000e+03 1.190000000000000058e-04
4.948000000000000000e+03 1.420000000000000092e-04
4.950000000000000000e+03 1.359999999999999989e-04
4.952000000000000000e+03 1.299999999999999886e-04
4.954000000000000000e+03 9.799999999999999684e-05
4.956000000000000000e+03 1.430000000000000064e-04
4.958000000000000000e+03 1.420000000000000092e-04
4.960000000000000000e+03 1.350000000000000017e-04
4.962000000000000000e+03 1.399999999999999877e-04
4.964000000000000000e+03 1.160000000000000007e-04
4.966000000000000000e+03 1.150000000000000035e-04
4.968000000000000000e+03 1.489999999999999897e-04
4.970000000000000000e+03 1.210000000000000002e-04
4.972000000000000000e+03 1.299999999999999886e-04
4.974000000000000000e+03 1.489999999999999897e-04
4.976000000000000000e+03 1.530000000000000056e-04
4.978000000000000000e+03 1.589999999999999888e-04
4.980000000000000000e+03 1.510000000000000112e-04
4.982000000000000000e+03 1.430000000000000064e-04
4.984000000000000000e+03 1.369999999999999961e-04
4.986000000000000000e+03 1.160000000000000007e-04
4.988000000000000000e+03 1.530000000000000056e-04
4.990000000000000000e+03 1.279999999999999942e-04
4.992000000000000000e+03 1.289999999999999914e-04
4.994000000000000000e+03 1.250000000000000026e-04
4.996000000000000000e+03 1.530000000000000056e-04
4.998000000000000000e+03 1.269999999999999970e-04
5.000000000000000000e+03 1.420000000000000092e-04
5.002000000000000000e+03 1.330000000000000073e-04
5.004000000000000000e+03 1.320000000000000101e-04
5.006000000000000000e+03 1.269999999999999970e-04
5.008000000000000000e+03 1.160000000000000007e-04
5.010000000000000000e+03 1.259999999999999998e-04
5.012000000000000000e+03 1.310000000000000129e-04
5.014000000000000000e+03 1.550000000000000000e-04
5.016000000000000000e+03 1.320000000000000101e-04
5.018000000000000000e+03 1.350000000000000017e-04
5.020000000000000000e+03 1.320000000000000101e-04
5.022000000000000000e+03 1.259999999999999998e-04
5.024000000000000000e+03 1.279999999999999942e-04
5.026000000000000000e+03 1.279999999999999942e-04
5.028000000000000000e+03 1.179999999999999951e-04
5.030000000000000000e+03 1.269999999999999970e-04
5.032000000000000000e+03 1.140000000000000063e-04
5.034000000000000000e+03 1.179999999999999951e-04
5.036000000000000000e+03 1.550000000000000000e-04
5.038000000000000000e+03 1.459999999999999981e-04
5.040000000000000000e+03 1.659999999999999963e-04
5.042000000000000000e+03 1.359999999999999989e-04
5.044000000000000000e+03 1.450000000000000009e-04
5.046000000000000000e+03 1.379999999999999933e-04
5.048000000000000000e+03 1.129999999999999955e-04
5.050000000000000000e+03 1.279999999999999942e-04
5.052000000000000000e+03 1.289999999999999914e-04
5.054000000000000000e+03 1.150000000000000035e-04
5.056000000000000000e+03 1.129999999999999955e-04
5.058000000000000000e+03 1.019999999999999992e-04
5.060000000000000000e+03 1.299999999999999886e-04
5.062000000000000000e+03 1.240000000000000054e-04
5.064000000000000000e+03 1.359999999999999989e-04
5.066000000000000000e+03 1.440000000000000036e-04
5.068000000000000000e+03 1.299999999999999886e-04
5.070000000000000000e+03 1.559999999999999972e-04
5.072000000000000000e+03 1.369999999999999961e-04
5.074000000000000000e+03 1.520000000000000084e-04
5.076000000000000000e+03 1.320000000000000101e-04
5.078000000000000000e+03 1.279999999999999942e-04
5.080000000000000000e+03 9.399999999999999448e-05
5.082000000000000000e+03 1.129999999999999955e-04
5.084000000000000000e+03 1.410000000000000120e-04
5.086000000000000000e+03 1.520000000000000084e-04
5.088000000000000000e+03 1.200000000000000030e-04
5.090000000000000000e+03 1.550000000000000000e-04
5.092000000000000000e+03 1.179999999999999951e-04
5.094000000000000000e+03 1.359999999999999989e-04
5.096000000000000000e+03 1.330000000000000073e-04
5.098000000000000000e+03 1.210000000000000002e-04
5.100000000000000000e+03 1.540000000000000028e-04
5.102000000000000000e+03 1.569999999999999944e-04
5.104000000000000000e+03 1.230000000000000082e-04
5.106000000000000000e+03 1.140000000000000063e-04
5.108000000000000000e+03 1.330000000000000073e-04
5.110000000000000000e+03 1.179999999999999951e-04
5.112000000000000000e+03 1.410000000000000120e-04
5.114000000000000000e+03 1.240000000000000054e-04
5.116000000000000000e+03 1.410000000000000120e-04
5.118000000000000000e+03 1.240000000000000054e-04
5.120000000000000000e+03 1.559999999999999972e-04
5.122000000000000000e+03 1.279999999999999942e-04
5.124000000000000000e+03 1.210000000000000002e-04
5.126000000000000000e+03 1.350000000000000017e-04
5.128000000000000000e+03 1.250000000000000026e-04
5.130000000000000000e+03 1.469999999999999953e-04
5.132000000000000000e+03 1.150000000000000035e-04
5.134000000000000000e+03 1.430000000000000064e-04
5.136000000000000000e+03 1.119999999999999983e-04
5.138000000000000000e+03 1.440000000000000036e-04
5.140000000000000000e+03 1.369999999999999961e-04
5.142000000000000000e+03 1.479999999999999925e-04
5.144000000000000000e+03 1.179999999999999951e-04
5.146000000000000000e+03 1.160000000000000007e-04
5.148000000000000000e+03 1.430000000000000064e-04
5.150000000000000000e+03 1.350000000000000017e-04
5.152000000000000000e+03 1.369999999999999961e-04
5.154000000000000000e+03 1.579999999999999916e-04
5.156000000000000000e+03 1.420000000000000092e-04
5.158000000000000000e+03 1.440000000000000036e-04
5.160000000000000000e+03 1.369999999999999961e-04
5.162000000000000000e+03 1.769999999999999926e-04
5.164000000000000000e+03 1.679999999999999907e-04
5.166000000000000000e+03 1.800000000000000113e-04
5.168000000000000000e+03 1.969999999999999909e-04
5.170000000000000000e+03 1.920000000000000049e-04
5.172000000000000000e+03 1.789999999999999870e-04
5.174000000000000000e+03 1.720000000000000066e-04
5.176000000000000000e+03 2.110000000000000059e-04
5.178000000000000000e+03 2.570000000000000127e-04
5.180000000000000000e+03 2.829999999999999942e-04
5.182000000000000000e+03 2.910000000000000260e-04
5.184000000000000000e+03 2.559999999999999884e-04
5.186000000000000000e+03 2.779999999999999811e-04
5.188000000000000000e+03 3.530000000000000152e-04
5.190000000000000000e+03 3.620000000000000171e-04
5.192000000000000000e+03 3.959999999999999762e-04
5.194000000000000000e+03 4.150000000000000043e-04
5.196000000000000000e+03 4.960000000000000216e-04
5.198000000000000000e+03 5.240000000000000517e-04
5.200000000000000000e+03 5.770000000000000389e-04
5.202000000000000000e+03 6.149999999999999868e-04
5.204000000000000000e+03 6.710000000000000469e-04
5.206000000000000000e+03 7.609999999999999577e-04
5.208000000000000000e+03 8.400000000000000348e-04
5.210000000000000000e+03 8.769999999999999584e-04
5.212000000000000000e+03 1.033999999999999980e-03
5.214000000000000000e+03 1.074000000000000085e-03
5.216000000000000000e+03 1.237999999999999951e-03
5.218000000000000000e+03 1.410999999999999928e-03
5.220000000000000000e+03 1.561000000000000104e-03
5.222000000000000000e+03 1.737000000000000046e-03
5.224000000000000000e+03 1.982999999999999954e-03
5.226000000000000000e+03 2.190999999999999805e-03
5.228000000000000000e+03 2.435000000000000098e-03
5.230000000000000000e+03 2.703000000000000107e-03
5.232000000000000000e+03 3.013000000000000053e-03
5.234000000000000000e+03 3.393999999999999882e-03
5.236000000000000000e+03 3.818000000000000213e-03
5.238000000000000000e+03 4.291999999999999808e-03
5.240000000000000000e+03 4.806000000000000376e-03
5.242000000000000000e+03 5.394999999999999622e-03
5.244000000000000000e+03 6.094999999999999724e-03
5.246000000000000000e+03 6.924999999999999732e-03
5.248000000000000000e+03 7.803000000000000040e-03
5.250000000000000000e+03 8.925999999999999907e-03
5.252000000000000000e+03 1.025799999999999976e-02
5.254000000000000000e+03 1.172600000000000031e-02
5.256000000000000000e+03 1.350100000000000085e-02
5.258000000000000000e+03 1.554900000000000032e-02
5.260000000000000000e+03 1.799299999999999858e-02
5.262000000000000000e+03 2.081200000000000064e-02
5.264000000000000000e+03 2.418000000000000010e-02
5.266000000000000000e+03 2.813200000000000076e-02
5.268000000000000000e+03 3.278999999999999970e-02
5.270000000000000000e+03 3.835100000000000314e-02
5.272000000000000000e+03 4.483100000000000279e-02
5.274000000000000000e+03 5.250200000000000006e-02
5.276000000000000000e+03 6.156899999999999873e-02
5.278000000000000000e+03 7.199999999999999456e-02
5.280000000000000000e+03 8.453600000000000003e-02
5.282000000000000000e+03 9.875399999999999456e-02
5.284000000000000000e+03 1.151329999999999992e-01
5.286000000000000000e+03 1.337879999999999903e-01
5.288000000000000000e+03 1.546240000000000114e-01
5.290000000000000000e+03 1.774239999999999984e-01
5.292000000000000000e+03 2.019680000000000086e-01
5.294000000000000000e+03 2.284239999999999882e-01
5.296000000000000000e+03 2.549870000000000192e-01
5.298000000000000000e+03 2.821569999999999911e-01
5.300000000000000000e+03 3.094359999999999888e-01
5.302000000000000000e+03 3.362939999999999818e-01
5.304000000000000000e+03 3.611599999999999810e-01
5.306000000000000000e+03 3.850729999999999986e-01
5.308000000000000000e+03 4.061560000000000170e-01
5.310000000000000000e+03 4.264330000000000065e-01
5.312000000000000000e+03 4.445299999999999807e-01
5.314000000000000000e+03 4.586830000000000074e-01
5.316000000000000000e+03 4.716110000000000024e-01
5.318000000000000000e+03 4.825360000000000205e-01
5.320000000000000000e+03 4.913710000000000022e-01
5.322000000000000000e+03 4.982880000000000087e-01
5.324000000000000000e+03 5.039869999999999628e-01
5.326000000000000000e+03 5.076300000000000257e-01
5.328000000000000000e+03 5.104419999999999513e-01
5.330000000000000000e+03 5.126319999999999766e-01
5.332000000000000000e+03 5.140730000000000022e-01
5.334000000000000000e+03 5.157239999999999602e-01
5.336000000000000000e+03 5.152459999999999818e-01
5.338000000000000000e+03 5.165079999999999671e-01
5.340000000000000000e+03 5.165520000000000111e-01
5.342000000000000000e+03 5.161820000000000297e-01
5.344000000000000000e+03 5.160050000000000470e-01
5.346000000000000000e+03 5.164060000000000317e-01
5.348000000000000000e+03 5.162729999999999819e-01
5.350000000000000000e+03 5.166260000000000296e-01
5.352000000000000000e+03 5.162529999999999619e-01
5.354000000000000000e+03 5.160639999999999672e-01
5.356000000000000000e+03 5.171639999999999571e-01
5.358000000000000000e+03 5.169899999999999496e-01
5.360000000000000000e+03 5.162820000000000187e-01
5.362000000000000000e+03 5.165880000000000472e-01
5.364000000000000000e+03 5.162529999999999619e-01
5.366000000000000000e+03 5.169880000000000031e-01
5.368000000000000000e+03 5.172139999999999516e-01
5.370000000000000000e+03 5.168009999999999549e-01
5.372000000000000000e+03 5.172539999999999916e-01
5.374000000000000000e+03 5.173839999999999550e-01
5.376000000000000000e+03 5.185729999999999507e-01
5.378000000000000000e+03 5.183429999999999982e-01
5.380000000000000000e+03 5.184809999999999697e-01
5.382000000000000000e+03 5.187840000000000229e-01
5.384000000000000000e+03 5.192560000000000509e-01
5.386000000000000000e+03 5.195499999999999563e-01
5.388000000000000000e+03 5.186730000000000507e-01
5.390000000000000000e+03 5.191949999999999621e-01
5.392000000000000000e+03 5.198599999999999888e-01
5.394000000000000000e+03 5.195840000000000458e-01
5.396000000000000000e+03 5.197549999999999670e-01
5.398000000000000000e+03 5.197410000000000085e-01
5.400000000000000000e+03 5.200310000000000210e-01
5.402000000000000000e+03 5.195579999999999643e-01
5.404000000000000000e+03 5.199660000000000393e-01
5.406000000000000000e+03 5.207580000000000542e-01
5.408000000000000000e+03 5.208690000000000264e-01
5.410000000000000000e+03 5.208890000000000464e-01
5.412000000000000000e+03 5.212010000000000254e-01
5.414000000000000000e+03 5.214889999999999803e-01
5.416000000000000000e+03 5.215680000000000316e-01
5.418000000000000000e+03 5.214250000000000274e-01
5.420000000000000000e+03 5.217380000000000351e-01
5.422000000000000000e+03 5.208700000000000552e-01
5.424000000000000000e+03 5.205619999999999692e-01
5.426000000000000000e+03 5.199719999999999898e-01
5.428000000000000000e+03 5.214509999999999978e-01
5.430000000000000000e+03 5.209430000000000449e-01
5.432000000000000000e+03 5.211010000000000364e-01
5.434000000000000000e+03 5.212780000000000191e-01
5.436000000000000000e+03 5.208019999999999872e-01
5.438000000000000000e+03 5.218140000000000001e-01
5.440000000000000000e+03 5.217610000000000303e-01
5.442000000000000000e+03 5.227289999999999992e-01
5.444000000000000000e+03 5.224670000000000147e-01
5.446000000000000000e+03 5.233809999999999851e-01
5.448000000000000000e+03 5.233689999999999731e-01
5.450000000000000000e+03 5.236250000000000071e-01
5.452000000000000000e+03 5.241390000000000216e-01
5.454000000000000000e+03 5.252550000000000274e-01
5.456000000000000000e+03 5.239629999999999566e-01
5.458000000000000000e+03 5.256319999999999881e-01
5.460000000000000000e+03 5.256950000000000234e-01
5.462000000000000000e+03 5.256669999999999954e-01
5.464000000000000000e+03 5.263079999999999981e-01
5.466000000000000000e+03 5.255269999999999664e-01
5.468000000000000000e+03 5.253940000000000277e-01
5.470000000000000000e+03 5.233940000000000259e-01
5.472000000000000000e+03 5.223470000000000057e-01
5.474000000000000000e+03 5.210719999999999796e-01
5.476000000000000000e+03 5.180979999999999475e-01
5.478000000000000000e+03 5.136159999999999615e-01
5.480000000000000000e+03 5.083079999999999821e-01
5.482000000000000000e+03 5.014800000000000368e-01
5.484000000000000000e+03 4.936030000000000140e-01
5.486000000000000000e+03 4.834180000000000144e-01
5.488000000000000000e+03 4.706489999999999840e-01
5.490000000000000000e+03 4.566029999999999811e-01
5.492000000000000000e+03 4.405919999999999837e-01
5.494000000000000000e+03 4.228589999999999849e-01
5.496000000000000000e+03 4.027850000000000041e-01
5.498000000000000000e+03 3.802260000000000084e-01
5.500000000000000000e+03 3.579430000000000112e-01
5.502000000000000000e+03 3.336899999999999866e-01
5.504000000000000000e+03 3.090609999999999746e-01
5.506000000000000000e+03 2.838370000000000060e-01
5.508000000000000000e+03 2.587929999999999953e-01
5.510000000000000000e+03 2.343840000000000090e-01
5.512000000000000000e+03 2.100829999999999920e-01
5.514000000000000000e+03 1.870610000000000051e-01
5.516000000000000000e+03 1.653989999999999905e-01
5.518000000000000000e+03 1.455799999999999872e-01
5.520000000000000000e+03 1.276730000000000087e-01
5.522000000000000000e+03 1.115089999999999970e-01
5.524000000000000000e+03 9.723400000000000098e-02
5.526000000000000000e+03 8.431800000000000406e-02
5.528000000000000000e+03 7.339299999999999990e-02
5.530000000000000000e+03 6.399900000000000033e-02
5.532000000000000000e+03 5.580100000000000338e-02
5.534000000000000000e+03 4.863200000000000162e-02
5.536000000000000000e+03 4.260400000000000298e-02
5.538000000000000000e+03 3.736799999999999844e-02
5.540000000000000000e+03 3.275100000000000233e-02
5.542000000000000000e+03 2.888599999999999848e-02
5.544000000000000000e+03 2.541200000000000056e-02
5.546000000000000000e+03 2.251799999999999982e-02
5.548000000000000000e+03 1.993599999999999886e-02
5.550000000000000000e+03 1.768000000000000127e-02
5.552000000000000000e+03 1.567299999999999943e-02
5.554000000000000000e+03 1.391500000000000029e-02
5.556000000000000000e+03 1.236100000000000046e-02
5.558000000000000000e+03 1.104300000000000073e-02
5.560000000000000000e+03 9.785000000000000295e-03
5.562000000000000000e+03 8.739999999999999505e-03
5.564000000000000000e+03 7.781999999999999855e-03
5.566000000000000000e+03 6.943999999999999652e-03
5.568000000000000000e+03 6.167999999999999872e-03
5.570000000000000000e+03 5.531000000000000326e-03
5.572000000000000000e+03 5.001000000000000237e-03
5.574000000000000000e+03 4.458000000000000157e-03
5.576000000000000000e+03 3.963999999999999642e-03
5.578000000000000000e+03 3.557999999999999965e-03
5.580000000000000000e+03 3.236999999999999860e-03
5.582000000000000000e+03 2.959999999999999958e-03
5.584000000000000000e+03 2.660000000000000038e-03
5.586000000000000000e+03 2.415000000000000046e-03
5.588000000000000000e+03 2.219000000000000052e-03
5.590000000000000000e+03 2.044999999999999943e-03
5.592000000000000000e+03 1.913999999999999903e-03
5.594000000000000000e+03 1.745999999999999939e-03
5.596000000000000000e+03 1.575000000000000011e-03
5.598000000000000000e+03 1.433000000000000029e-03
5.600000000000000000e+03 1.350000000000000071e-03
5.602000000000000000e+03 1.270999999999999994e-03
5.604000000000000000e+03 1.146000000000000100e-03
5.606000000000000000e+03 1.062999999999999926e-03
5.608000000000000000e+03 9.959999999999999236e-04
5.610000000000000000e+03 9.229999999999999923e-04
5.612000000000000000e+03 8.499999999999999526e-04
5.614000000000000000e+03 7.429999999999999539e-04
5.616000000000000000e+03 7.529999999999999801e-04
5.618000000000000000e+03 6.689999999999999983e-04
5.620000000000000000e+03 5.900000000000000296e-04
5.622000000000000000e+03 5.360000000000000181e-04
5.624000000000000000e+03 4.879999999999999898e-04
5.626000000000000000e+03 4.530000000000000064e-04
5.628000000000000000e+03 4.510000000000000120e-04
5.630000000000000000e+03 3.310000000000000225e-04
5.632000000000000000e+03 3.190000000000000019e-04
5.634000000000000000e+03 3.539999999999999853e-04
5.636000000000000000e+03 3.200000000000000262e-04
5.638000000000000000e+03 2.730000000000000222e-04
5.640000000000000000e+03 2.590000000000000071e-04
5.642000000000000000e+03 2.579999999999999828e-04
5.644000000000000000e+03 2.130000000000000003e-04
5.646000000000000000e+03 2.610000000000000015e-04
5.648000000000000000e+03 2.229999999999999994e-04
5.650000000000000000e+03 2.079999999999999872e-04
5.652000000000000000e+03 1.800000000000000113e-04
5.654000000000000000e+03 1.649999999999999991e-04
5.656000000000000000e+03 1.820000000000000057e-04
5.658000000000000000e+03 1.730000000000000038e-04
5.660000000000000000e+03 1.759999999999999954e-04
5.662000000000000000e+03 1.779999999999999898e-04
5.664000000000000000e+03 1.710000000000000094e-04
5.666000000000000000e+03 1.410000000000000120e-04
5.668000000000000000e+03 1.720000000000000066e-04
5.670000000000000000e+03 1.450000000000000009e-04
5.672000000000000000e+03 1.499999999999999869e-04
5.674000000000000000e+03 1.759999999999999954e-04
5.676000000000000000e+03 1.550000000000000000e-04
5.678000000000000000e+03 1.399999999999999877e-04
5.680000000000000000e+03 1.579999999999999916e-04
5.682000000000000000e+03 1.320000000000000101e-04
5.684000000000000000e+03 1.600000000000000131e-04
5.686000000000000000e+03 1.310000000000000129e-04
5.688000000000000000e+03 1.499999999999999869e-04
5.690000000000000000e+03 1.230000000000000082e-04
5.692000000000000000e+03 1.410000000000000120e-04
5.694000000000000000e+03 1.119999999999999983e-04
5.696000000000000000e+03 1.499999999999999869e-04
5.698000000000000000e+03 1.430000000000000064e-04
5.700000000000000000e+03 1.420000000000000092e-04
5.702000000000000000e+03 1.410000000000000120e-04
5.704000000000000000e+03 1.219999999999999974e-04
5.706000000000000000e+03 1.019999999999999992e-04
5.708000000000000000e+03 1.430000000000000064e-04
5.710000000000000000e+03 1.350000000000000017e-04
5.712000000000000000e+03 1.240000000000000054e-04
5.714000000000000000e+03 1.510000000000000112e-04
5.716000000000000000e+03 1.569999999999999944e-04
5.718000000000000000e+03 1.230000000000000082e-04
5.720000000000000000e+03 1.520000000000000084e-04
5.722000000000000000e+03 1.389999999999999905e-04
5.724000000000000000e+03 1.430000000000000064e-04
5.726000000000000000e+03 1.440000000000000036e-04
5.728000000000000000e+03 1.269999999999999970e-04
5.730000000000000000e+03 1.259999999999999998e-04
5.732000000000000000e+03 1.459999999999999981e-04
5.734000000000000000e+03 1.530000000000000056e-04
5.736000000000000000e+03 1.330000000000000073e-04
5.738000000000000000e+03 1.459999999999999981e-04
5.740000000000000000e+03 1.250000000000000026e-04
5.742000000000000000e+03 1.269999999999999970e-04
5.744000000000000000e+03 1.119999999999999983e-04
5.746000000000000000e+03 1.479999999999999925e-04
5.748000000000000000e+03 1.410000000000000120e-04
5.750000000000000000e+03 1.379999999999999933e-04
5.752000000000000000e+03 1.430000000000000064e-04
5.754000000000000000e+03 1.210000000000000002e-04
5.756000000000000000e+03 1.190000000000000058e-04
5.758000000000000000e+03 1.479999999999999925e-04
5.760000000000000000e+03 1.299999999999999886e-04
5.762000000000000000e+03 1.029999999999999964e-04
5.764000000000000000e+03 1.330000000000000073e-04
5.766000000000000000e+03 1.479999999999999925e-04
5.768000000000000000e+03 1.430000000000000064e-04
5.770000000000000000e+03 1.420000000000000092e-04
5.772000000000000000e+03 1.440000000000000036e-04
5.774000000000000000e+03 1.310000000000000129e-04
5.776000000000000000e+03 1.399999999999999877e-04
5.778000000000000000e+03 1.430000000000000064e-04
5.780000000000000000e+03 1.530000000000000056e-04
5.782000000000000000e+03 1.430000000000000064e-04
5.784000000000000000e+03 1.379999999999999933e-04
5.786000000000000000e+03 1.420000000000000092e-04
5.788000000000000000e+03 1.320000000000000101e-04
5.790000000000000000e+03 1.169999999999999979e-04
5.792000000000000000e+03 1.389999999999999905e-04
5.794000000000000000e+03 1.499999999999999869e-04
5.796000000000000000e+03 1.299999999999999886e-04
5.798000000000000000e+03 1.459999999999999981e-04
5.800000000000000000e+03 1.200000000000000030e-04
5.802000000000000000e+03 1.479999999999999925e-04
5.804000000000000000e+03 1.530000000000000056e-04
5.806000000000000000e+03 1.310000000000000129e-04
5.808000000000000000e+03 1.019999999999999992e-04
5.810000000000000000e+03 1.279999999999999942e-04
5.812000000000000000e+03 1.320000000000000101e-04
5.814000000000000000e+03 1.279999999999999942e-04
5.816000000000000000e+03 1.420000000000000092e-04
5.818000000000000000e+03 1.450000000000000009e-04
5.820000000000000000e+03 1.289999999999999914e-04
5.822000000000000000e+03 1.510000000000000112e-04
5.824000000000000000e+03 1.069999999999999988e-04
5.826000000000000000e+03 1.550000000000000000e-04
5.828000000000000000e+03 1.510000000000000112e-04
5.830000000000000000e+03 1.520000000000000084e-04
5.832000000000000000e+03 1.559999999999999972e-04
5.834000000000000000e+03 1.469999999999999953e-04
5.836000000000000000e+03 1.310000000000000129e-04
5.838000000000000000e+03 1.379999999999999933e-04
5.840000000000000000e+03 1.450000000000000009e-04
5.842000000000000000e+03 1.330000000000000073e-04
5.844000000000000000e+03 1.369999999999999961e-04
5.846000000000000000e+03 1.550000000000000000e-04
5.848000000000000000e+03 1.450000000000000009e-04
5.850000000000000000e+03 1.610000000000000103e-04
5.852000000000000000e+03 1.320000000000000101e-04
5.854000000000000000e+03 1.459999999999999981e-04
5.856000000000000000e+03 1.320000000000000101e-04
5.858000000000000000e+03 1.350000000000000017e-04
5.860000000000000000e+03 1.299999999999999886e-04
5.862000000000000000e+03 1.730000000000000038e-04
5.864000000000000000e+03 1.589999999999999888e-04
5.866000000000000000e+03 1.440000000000000036e-04
5.868000000000000000e+03 1.479999999999999925e-04
5.870000000000000000e+03 1.469999999999999953e-04
5.872000000000000000e+03 1.279999999999999942e-04
5.874000000000000000e+03 1.230000000000000082e-04
5.876000000000000000e+03 1.620000000000000075e-04
5.878000000000000000e+03 1.559999999999999972e-04
5.880000000000000000e+03 1.219999999999999974e-04
5.882000000000000000e+03 1.299999999999999886e-04
5.884000000000000000e+03 1.450000000000000009e-04
5.886000000000000000e+03 1.299999999999999886e-04
5.888000000000000000e+03 1.259999999999999998e-04
5.890000000000000000e+03 1.489999999999999897e-04
5.892000000000000000e+03 1.499999999999999869e-04
5.894000000000000000e+03 1.479999999999999925e-04
5.896000000000000000e+03 1.279999999999999942e-04
5.898000000000000000e+03 1.530000000000000056e-04
5.900000000000000000e+03 1.200000000000000030e-04
